 1   3
 1   6
 1   8
 1   12
 1   13
 1   16
 1   18
 1   19
 2   7
 2   9
 2   10
 2   11
 2   14
 2   15
 2   17
 2   20
 3   1
 3   6
 3   8
 3   12
 3   13
 3   16
 4   6
 4   8
 4   10
 4   12
 4   13
 4   16
 4   18
 4   19
 5   6
 5   7
 5   9
 5   10
 5   11
 5   14
 5   15
 5   18
 5   20
 6   1
 6   3
 6   4
 6   5
 6   8
 6   12
 6   13
 6   16
 6   18
 6   19
 7   2
 7   5
 7   9
 7   10
 7   11
 7   13
 7   15
 7   17
 7   20
 8   1
 8   3
 8   4
 8   6
 8   9
 8   12
 8   13
 8   16
 8   18
 8   19
 9   2
 9   5
 9   7
 9   8
 9   10
 9   11
 9   14
 9   15
 9   17
 9   20
 10   2
 10   4
 10   5
 10   7
 10   9
 10   11
 10   14
 10   15
 10   17
 10   20
 11   2
 11   5
 11   7
 11   9
 11   10
 11   14
 11   15
 11   17
 11   20
 12   1
 12   3
 12   4
 12   6
 12   8
 12   13
 12   15
 12   16
 12   18
 12   19
 13   1
 13   3
 13   4
 13   6
 13   7
 13   8
 13   12
 13   16
 13   18
 14   2
 14   5
 14   9
 14   10
 14   11
 14   16
 14   17
 14   20
 15   2
 15   5
 15   7
 15   9
 15   10
 15   11
 15   12
 15   17
 16   1
 16   3
 16   4
 16   6
 16   8
 16   12
 16   13
 16   14
 16   17
 16   18
 16   19
 17   2
 17   7
 17   9
 17   10
 17   11
 17   14
 17   15
 17   16
 17   20
 18   1
 18   4
 18   5
 18   6
 18   8
 18   12
 18   13
 18   16
 18   19
 19   1
 19   4
 19   6
 19   8
 19   12
 19   16
 19   18
 20   2
 20   5
 20   7
 20   9
 20   10
 20   11
 20   14
 20   17
